A = [ 1 -1 0; 2 2 -3; 4 0 1 ];
b = [ 3; -1; 1 ];

x = A \ b

A = [ 1 2 3; 4 5 6; 7 8 9 ];
x = A \ b
