
A =

     1    -1
     0     2
    -3     1


B =

     2    -1     0     4
     1     1     3     2


ans =

     1    -2    -3     2
     2     2     6     4
    -5     4     3   -10


ans =

     2     4


ans =

     3     2


C =

     1    -1     2
     2     2     0
     5    -2    -3
     4    -1    -1


ans =

     4     3


ans =

     0     0     0
     0     0     0
     0     0     0


A =

     8     6    10    10
     9     1    10     5
     1     3     2     8
     9     5    10     1


B =

     4     7     7     7
     9     0     8     2
     8     8     7     7
    10     9     4     0


C =

     3     7     4     2
     0     3     4     5
     1    10     8     4
     8     0     8     6


ans =

     0     0     0     0
     0     0     0     0
     0     0     0     0
     0     0     0     0


ans =

     0     0     0     0
     0     0     0     0
     0     0     0     0
     0     0     0     0

