
lambda =

    3.0000
   -1.0000


V =

    0.4472   -0.4472
    0.8944    0.8944


D =

    3.0000         0
         0   -1.0000

