
lambda =

   3.000000000000000
  -1.000000000000000


V =

   0.447213595499958  -0.447213595499958
   0.894427190999916   0.894427190999916


D =

   3.000000000000000                   0
                   0  -1.000000000000000

