
A =

     1    -1    -1
     3    -2     0
     1    -2    -1


b =

     2
     9
     5


x =

     1
    -3
     2


ans =

     2
     9
     5

