
A =

     8     1     6
     3     5     7
     4     9     2


b =

     1
     6
    -2


x =

   -0.8472
   -0.1389
    1.3194


ans =

   1.0e-15 *

   -0.4441
         0
   -0.4441

