
A =

     8     1     6
     3     5     7
     4     9     2


b =

     1
     6
    -2


x =

  -0.847222222222222
  -0.138888888888889
   1.319444444444444


ans =

   1.0e-15 *

  -0.444089209850063
                   0
  -0.444089209850063

