
A =

     1    -1
     0     2
    -3     1


B =

     2    -1     0     4
     1     1     3     2


ans =

     1    -2    -3     2
     2     2     6     4
    -5     4     3   -10


ans =

    -5

