
A =

     1     1    -1
     2     2     1
    -1    -1     4


ans =

   -0.7071
    0.7071
    0.0000

