
A =

     1     1    -1
     2     2     1
    -1    -1     4


ans =

  -0.707106781186548
   0.707106781186547
   0.000000000000000

