
A =

     1    -1    -1
     3    -2     0
     1    -2    -1


b =

     2
     9
     5


AA =

     1    -1    -1     2
     3    -2     0     9
     1    -2    -1     5


AA =

     1    -1    -1     2
     0     1     3     3
     1    -2    -1     5


AA =

     1    -1    -1     2
     0     1     3     3
     0    -1     0     3


AA =

     1    -1    -1     2
     0     1     3     3
     0     0     3     6


AA =

     1    -1    -1     2
     0     1     0    -3
     0     0     3     6


AA =

     1    -1     0     4
     0     1     0    -3
     0     0     3     6


AA =

     1     0     0     1
     0     1     0    -3
     0     0     3     6

